1 57 2 
1 378 2 
1 859 2 
1 185 3 
1 30 3 
1 37 3 
1 52 4 
1 142 4 
1 195 4 
1 875 2 
1 56 3 
1 66 3 
1 95 3 
1 462 4 
1 497 3 
1 858 3 
1 876 3 
1 879 3 
1 880 3 
2 12 1 
2 15 2 
2 184 2 
2 858 2 
2 51 3 
2 102 3 
2 202 3 
2 14 4 
2 52 4 
2 380 4 
2 746 1 
2 859 2 
2 948 2 
2 285 3 
2 390 3 
2 391 3 
2 442 4 
2 497 3 
2 643 3 
2 856 3 
2 857 3 
2 877 3 
2 864 3 
2 658 3 
8 48 1 
8 122 1 
8 20 3 
8 58 3 
8 196 3 
8 354 1 
8 360 1 
8 197 3 
8 999 3 
8 1112 3 
8 1005 1 
39 272 1 
39 555 1 
39 24 2 
39 283 2 
39 552 2 
39 79 3 
39 207 3 
39 418 3 
39 557 4 
39 554 2 
39 556 2 
39 505 3 
39 1257 3 
